517.5
641
4015.5
2240.5
496.5
436.5
423
459.5
453
439
433.5
2255
670.5
278
461.5
441
279.5
2749.5
1972
4082.5
5391
4062
3926
2197
2935
3120.5
1078
936
606
296
3796
285
1987
391.5
136.5
1021.5
814
271.5
162
103
2257.5
4133.5
3668
1729
574
39.5
1814.5
6
285.5
6
290
193
170.5
188
101.5
84
85
1809.5
1954.5
2464.5
755
670.5
703.5
241.5
708
419.5
2389
527
524
721.5
626
550
540.5
528.5
2806.5
2388.5
2434
2346
857
874.5
863
753.5
646.5
4263
650
2334
616.5
694.5
580.5
639.5
598
596.5
465.5
2300.5
461
478
761.5
449.5
455
2271
606
508
506.5
438.5
488
433.5
468
482.5
425
1012
5102
1245.5
994.5
467
463.5
2676.5
388.5
534
489
222
131
2003
2018
1985
2
157.5
185
2077
261.5
284
711.5
363.5
439
3977
4262.5
3531
3476.5
1805.5
1809.5
323.5
203
169.5
70
6
615
548.5
548
345.5
173.5
259.5
250
3419
1724.5
1777.5
645.5
165.5
479
158.5
407
4899.5
416.5
424.5
523.5
2278.5
1016
462
447.5
584.5
4116.5
2417.5
579.5
932.5
1145
785.5
735.5
2530.5
759.5
701.5
718
625.5
559.5
571.5
708
598.5
638.5
500.5
612.5
569
580
418
612.5
899
502
2239
2255.5
424
497
557
2321
495
464.5
484.5
449
445
2341.5
712
3572.5
1022
2299.5
484
380
4027
2212.5
584.5
433
2271
421
447
425
483
438.5
381
2506
2711.5
537
480.5
836
1055.5
4512
4351.5
2452.5
2125
344.5
2138.5
446.5
389.5
263
2462
328
363
524.5
2447.5
269
3.5
113
406.5
462.5
4022.5
3693
1982.5
1865
1423
1493
309.5
425.5
339.5
388.5
1296.5
974.5
4012.5
2147.5
2351
738
815
546.5
599
1235
655.5
565.5
568.5
643.5
2437
4133.5
2420
697
651
2360
590.5
611.5
1102.5
596
2305.5
626
608.5
592
347
443.5
467
480
303.5
447
466
383.5
2139.5
463.5
463
361
357
461.5
4020.5
2056.5
423
467.5
439
288.5
2248
1074
1028.5
4373.5
706.5
1564.5
570
3478.5
2505.5
4937.5
5835
1260.5
1254
528.5
325.5
367
242.5
888.5
2149
509
147.5
465.5
3052.5
3544.5
112.5
213
4.5
921
1834
27.5
1.5
2
88.5
1805
4.5
132.5
211.5
97.5
3
1877
1891
106
83.5
40
1906
106.5
110.5
121
566.5
2784.5
195.5
206
197
4092.5
4005.5
453.5
2163.5
1135.5
4043.5
691.5
510
551
837.5
1012
406.5
316
4063.5
2221
458
524.5
2170.5
501
483
448.5
293
452
2227.5
354
353
479.5
466.5
278
2210.5
442
677
1608
1620.5
1571.5
2208.5
418
485
472.5
600.5
512.5
2775.5
381.5
357
466.5
481.5
254
1026.5
1206
4870.5
3935.5
4358.5
686
298.5
947.5
2605.5
557
744.5
2301.5
3515
3488.5
2014
814
4
169.5
154
250.5
146.5
74
1870
5072
2010.5
3057
1551
3002.5
160.5
214.5
206
381
2117
124
257
410.5
503
2060.5
3050
540.5
309.5
1462
438
537
379.5
552.5
574.5
453
437.5
642.5
697
753.5
691
773
2421.5
4793
4208.5
591
591
1141.5
577.5
616.5
604.5
569
2880.5
518.5
681
595.5
589.5
549.5
531
440
486
420
372.5
444
490
419.5
626.5
492
409.5
1394.5
492
417.5
308.5
735
722.5
275.5
420
462.5
388.5
430.5
3974
2094.5
467
355.5
343
1004
1315.5
476
3020.5
4745
4166.5
4078
2842.5
1075
2703
2433
496
960.5
2194
3851.5
104
389
305
3381
1515
2883
1848.5
97.5
1988
3797.5
1922
87
370.5
252
207.5
398
368
2020.5
101
3.5
157
2740
235
4839.5
3381
2038
461
2797
525.5
733
4018.5
2182
2168
540.5
543
648.5
438.5
576
2328
632.5
688
621.5
638.5
683.5
4180.5
592
609
939.5
2331.5
574.5
641
528
747
617
2440.5
433.5
549
566
483.5
402
2227
485
409
417.5
435
329.5
446.5
419
317.5
481
449
297
419.5
456
586.5
975
2665.5
2155.5
2816
1273
2149.5
787.5
181.5
1308.5
1846.5
1990.5
1891.5
284
630
656
2640.5
4193.5
3808
5168
4324
3060
219
444
525.5
507.5
407
33
232
201
5.5
71
126.5
30.5
142
1793.5
1812
2715
158
2045.5
250.5
62
186.5
253.5
3822
3796
2115.5
480
434.5
2162.5
276
406.5
406
2180.5
583
506.5
558.5
2275.5
4391
855
731.5
2597
867.5
1192.5
1386.5
2719.5
1017.5
753.5
1133
680.5
4360
1131
1690.5
668
2732.5
589.5
527.5
1118
1584.5
1086
2251.5
458
440.5
459
466
290.5
426
462.5
468.5
408
428
2206.5
323.5
466.5
456
280.5
422
4218
1372.5
543.5
1049
3974
1552.5
363
410.5
316.5
1917
3688
154
499.5
2428.5
474
426
5429.5
5349.5
4211.5
4859.5
2529.5
4.5
167
1925.5
1175.5
312.5
44
554.5
184.5
4
128.5
169.5
523
1.5
314.5
32.5
3729.5
374
422
475
1916.5
898
430.5
419
2060
519.5
384.5
354.5
314
2128.5
4191.5
1996
3263.5
438.5
2298
564
1986.5
3288.5
715
672
2325
4232
2826.5
2374
520
769
714
712.5
557.5
1068.5
598
477
588
1133
467.5
606.5
2331.5
2056
440.5
481
348.5
443
427.5
443.5
2242
285.5
441
455.5
319.5
422
4013.5
319
472.5
379
358
412
837
1464
1224.5
5347.5
4564
5130
4236.5
3351.5
573.5
1382
1727.5
208.5
590.5
126.5
741
2326
599.5
4442
4890
4163
2050.5
472
2208
455.5
3416
138.5
51.5
185.5
125.5
342.5
544
66
238
4
118.5
33
143
89
66.5
2303
1893
1834
74.5
160.5
2070.5
164.5
279
332
162.5
627.5
2148.5
284
280.5
902
825
2034
515
1593
2716.5
465
1027
402.5
447
456.5
4391
4826
926.5
2498
562
2242
931
1588.5
590.5
477
2877.5
1128
510.5
547.5
1502.5
419.5
4058
295
416.5
438
320
415
326
459.5
353.5
447
2184
253
435
357
903
1685.5
784.5
973
4973
4175.5
441.5
360
496.5
124
213
88.5
130
2
395
723
3983
4043.5
3423.5
3545.5
2741
2267
179.5
76
887.5
126.5
160
648
694.5
143
253.5
479.5
115.5
128.5
103
115.5
64.5
66.5
1984.5
224
109
195
181.5
162
158.5
299.5
870.5
2158
442.5
455.5
319
408.5
2039
372
432.5
515
5299.5
4076.5
2266.5
722
816.5
3413.5
1279.5
1216
634.5
611.5
2443
699.5
686
616.5
648.5
586.5
2338
1134
1201
529.5
412.5
571.5
4692
541.5
569.5
346
461
2217.5
431
350.5
436
429
482
2223.5
400.5
407.5
308
449
401
659.5
303
442.5
926.5
917.5
2373.5
5125
4015
2692
3371
1713.5
1056
4603
4333
3606
40.5
2.5
2
47
63
118
91
165.5
138.5
1.5
102
216.5
88
3422.5
4056.5
1906.5
328.5
1.5
245
40.5
38.5
123.5
192
120
226.5
916.5
339
3712
206.5
276
123.5
595
612
81
87
488
259
2005.5
261
286
218.5
254
483
4166.5
2298
585
393.5
675.5
561.5
512
578
381
2671.5
1305.5
4887.5
4208
4203
550
1440.5
651.5
1031.5
1149
1097.5
601
2457
1057.5
1603
527
787.5
451
482
294.5
441
443
469
2434
2235.5
474.5
473.5
2221.5
426.5
468.5
463.5
422.5
419
652
392
447.5
1005.5
4115.5
3397.5
3091.5
4196
2503
570
550
4146.5
4988.5
1171.5
987
2828
2099.5
1553.5
4453.5
2017
2062.5
156
153
185.5
80.5
230.5
327.5
334.5
178
375
330.5
3866
3723
2149.5
398
2470
598
878
2609.5
274
3885
3920.5
3948.5
2031.5
406.5
2994
1714.5
2163
1052
4111
487
1433
1683.5
2432
1574.5
2184.5
4395.5
3266
3731
820
863
537.5
595
1562.5
492.5
4312.5
681
1524.5
430.5
1683
593
1071
1159
1670
2574
1111
572.5
469.5
923.5
448
441.5
353.5
495
457.5
2127
476
498
256
390.5
440
367.5
430.5
389.5
2339.5
1420
884.5
2701.5
4671.5
3968.5
3940
361
2204
551
285
441
791
407
506.5
1004
2108.5
514
466
636.5
4420.5
4369.5
4020
3941
2893.5
1494.5
3419
1538.5
1594.5
1076
782
965
1460.5
2186.5
4343.5
979
964
427.5
432.5
781.5
984
2570
1035.5
4878
4005.5
4410
716
579.5
1225
1870.5
1013.5
1593
3407
599.5
622.5
626
4170
4572.5
5796.5
1416
852.5
786.5
3395.5
850
5221.5
4798
1600
564
1176.5
2976
980
1123
823
1620.5
1058.5
894
4504
629.5
2399
490
2144
428.5
422.5
260
393
2213.5
303.5
389.5
382
267.5
432.5
2208.5
266.5
386.5
401.5
286
2162
385.5
524
1140
2959
905.5
2568.5
598.5
4833.5
4899.5
3168.5
2034
477
2320
418.5
346
434.5
373
785.5
2562
1279.5
6284
4596
4182
3155.5
847
499
623
1345.5
1230.5
2491
1317
267.5
575.5
2524
244.5
1950.5
3728
2565.5
2513.5
144.5
213
247
185
336
276
545
174
462.5
428
536.5
500.5
557
555.5
3973
2409
2387.5
1689
2110
1229
715
736
902.5
640.5
2709
4210.5
542.5
563.5
1375
3280
1058.5
558
452.5
1069
1600
1116
468
738.5
589
1486
1056.5
454.5
340.5
440.5
414.5
2123
343.5
431.5
403.5
249.5
2239
427.5
269
390
425.5
2037
420
384
776.5
684
4918.5
1767.5
559.5
504.5
469.5
99.5
33
49.5
32.5
1.5
3868
1801
6.5
223
835
129.5
240.5
463.5
408
4102
4156
3455
3540
1775.5
50.5
4
341.5
4047.5
3803
3455
3536
1680.5
932
148
4
206
2806
903.5
271
375.5
273
1655
402.5
2237
3850.5
2597.5
770.5
798.5
220.5
180.5
249.5
2062
395
506.5
486.5
1093
4824.5
4858.5
4582
4474.5
679.5
2334.5
519
2358
620.5
2002
1461.5
609.5
639
619
597
2469
4272.5
1610.5
1260.5
1187.5
1155
628
1117.5
1585.5
492
498
501.5
454.5
470
477
460
424
2201
451.5
418
415
728.5
3319.5
1287
1015
3995
4042
3218
512.5
425.5
626
376
221
93
29.5
87
3
5.5
204
328.5
316
696.5
4499
3902.5
3797.5
3954
2283
2649
889.5
3704.5
3349.5
30.5
82
62
170
81.5
167
201
319
2036
169
223.5
82
38
3688.5
2245.5
940.5
2182.5
447
305.5
432
915
4567
5997
5574.5
2156
2086
2397.5
3124.5
1466.5
577.5
770.5
3796
3976.5
4716
4225.5
6677
2571
1420.5
3485
778
1052
1098.5
685
4211.5
4405.5
2475
553.5
2439.5
386.5
353.5
437.5
482.5
2172.5
386.5
430.5
234
670.5
471
317.5
427
418.5
305.5
441