1483
1448
1706
1742
1668
1581
1619.5
1292.5
1337
1342.5
1247
1020
1023
2377
830.5
650.5
1568
433
142.5
164.5
211.5
2009
3079.5
6718
6067
3348
3527.5
673
1189
1050.5
957
1198
2789
2581.5
860.5
1200.5
2250
3035.5
917.5
2475
2219.5
2308.5
2070
4791.5
668.5
2135
502
534
621.5
597
671
565.5
625
711.5
644.5
644
615.5
657.5
692
718
653
967.5
1088
605
2810.5
2096.5
2138.5
2100
2029.5
537
1347
543
432.5
450
383.5
367
191.5
3745.5
2078.5
2568
927
172
193
549
888.5
1075
1155.5
242
1613.5
1621
1289
1674.5
1910.5
1913.5
1669
1522
1709
1666.5
1680.5
1556
1363.5
1436
1422.5
1268.5
1592.5
1219
1040
1089.5
1048.5
565.5
77.5
1549
183
301.5
235.5
204.5
238
276.5
204
365
382
465
575.5
2129
2617
4572
2544.5
1743.5
2728.5
2803
1069
1031.5
2780.5
1178
1098
637.5
729.5
644.5
673.5
2364
1740
572.5
474
613
2099.5
2217
2361
2236
1456
628
2314
630.5
619.5
695.5
703.5
599
573
666
671
604.5
558
616.5
530
1302.5
3668
2153
2060.5
2145.5
2283.5
3765.5
3337.5
2561.5
1900
1116.5
1190
621
403
494.5
412.5
933.5
1033
4
814.5
526.5
1918.5
3293.5
261.5
399.5
276
423
2758
3741
1515
51.5
5621
1180
1393
1598.5
1398.5
2662.5
3245
2491.5
1589
148.5
293
367.5
212.5
324
1679
862.5
1056.5
1220
1877.5
1026.5
1224.5
1003.5
1041
1153
1577.5
1014.5
2839.5
2803
2928.5
1987.5
1258
4546
4393
1326
1553.5
2425.5
4645
1442
1097
2876.5
1402
2597.5
2118.5
492.5
667.5
491
3823
747.5
2375
3049.5
2183
2323
642
615
691.5
739.5
2222
665.5
708
1162.5
1048.5
539
625
612.5
683.5
549.5
1372
2160
2995
2068.5
2024
4368.5
3245.5
4750
2162
1491
1374.5
794
905
1368.5
1214
516.5
451.5
1203.5
1180.5
1304.5
1290
1862.5
1836
1789
1628
1604.5
1575
1506
1606.5
1047.5
1600.5
1467.5
1442.5
722
282.5
368
878
1712.5
195
868
65
366.5
2045
1490
1081
2398
2345.5
2137
4064
3249
2476.5
2659.5
686
541.5
1124
967.5
1206
1256
956
1291.5
2646.5
4417.5
3065
1325.5
1011
4802.5
586.5
5301.5
2137
2139
2210
1350
486.5
517.5
566.5
642.5
552
640.5
772
2223.5
621
679.5
798
622
746
691
2213.5
2255.5
2279.5
2796.5
2597.5
630
604
644
538
675
3066
632.5
1335.5
547.5
3067
4455.5
3618.5
4011
3393
2201
2814.5
126
91.5
576.5
339
360
1010
919
1050
845.5
1518.5
1720.5
2034.5
1395.5
1806
1589
1570
1570
1491.5
1702.5
1456
1517
1550.5
1591.5
1429.5
1397.5
1272
1186
1801
883.5
831.5
974.5
835
556
1034.5
134.5
4.5
59.5
456
540
655
483.5
6410
4399.5
4337
3706.5
1915
860
838.5
2372.5
3849
5683
1367.5
937.5
4007
618
3766
420.5
476.5
485.5
407
2302
488
456
2106
2211.5
2141
2175.5
2186
675
595.5
3751
787
571
672
689.5
621.5
653
614.5
654
745
507
2989
2158.5
2987
2063.5
3895.5
719.5
572
3850
3422.5
2656.5
2542.5
1865.5
994.5
884.5
521.5
585.5
568.5
32
729
754
1100
256.5
944.5
1274.5
1145.5
1406.5
1480.5
1460
948
1087.5
1009.5
1227
1658.5
1749.5
1623
1737
1603
1552
1529.5
1458
1201.5
1267
1148
998.5
961
932.5
724.5
569.5
428
435
259.5
4202.5
2210.5
4324.5
3568
2586
4552.5
2759
420
511
705.5
580
2209.5
2317
3815
5394.5
2201
2269
2374.5
627.5
682.5
1676
3682
421.5
500.5
472.5
414
2122.5
458.5
416.5
556.5
513.5
512.5
595
497
2118
2144
3676
2073.5
2120
518.5
535.5
611.5
551.5
515.5
624.5
570
520.5
495
600.5
573
544
731.5
3608.5
3015.5
2501
2099
688.5
959.5
853.5
5218.5
523
381
63.5
2132.5
1298.5
863.5
3.5
837
153.5
1661.5
2676
1674.5
3175
3402.5
2285
74.5
3150.5
534
273
2079.5
183
1473
665
999.5
2127
706.5
1408.5
731
850
994
536.5
624.5
535
306
246.5
154
169.5
236.5
311
494
457.5
1186
1272.5
5348
2757
614.5
778.5
1015
1281.5
4422
6625.5
4555
3927.5
3176
923.5
940.5
846
630
629
584
676.5
4093.5
2995.5
3206
1915.5
4703
2386.5
2280.5
2330.5
2268.5
740.5
727.5
3897.5
644.5
688.5
1166
1210
698.5
712
670.5
629
616.5
707
3007.5
2605
3778.5
2268
618.5
561.5
1020.5
1178.5
377
258
1094
3263.5
3080.5
2986
3408
2194.5
1119.5
437
608
1215.5
1290.5
916.5
1619
1857.5
1611.5
1452.5
1393.5
1462.5
1588.5
1090.5
385.5
963
1703.5
1687.5
1427.5
1595.5
1417
1298
1210
1245
1123.5
1005
944.5
934
808
558.5
523.5
349
151.5
838.5
1730.5
1897
1892
261
963
914
783
1171.5
1196.5
1217.5
1083.5
1064.5
2690
1087.5
1110.5
774.5
951
1023
768
507.5
504.5
463
553.5
453
2038
2132.5
3720
2066.5
635.5
656
576.5
648
631
666.5
639
799
670.5
645.5
679.5
612.5
659.5
2598.5
4364.5
2101
2175.5
1275.5
634.5
487
576.5
1055.5
1413
534.5
539
399.5
469.5
184
2464
3453.5
2039
1511
924.5
87
269
505
575.5
1027.5
1116.5
1229
1220.5
1313
1274
1941
1316.5
1536.5
1589
741.5
1018
1543.5
1074
1567.5
1550.5
1395.5
1112.5
1100.5
3080.5
1247
1125.5
1052
979.5
976.5
1603.5
664
579
478
1007
91
89.5
384.5
2669.5
2583.5
2659.5
611.5
515
547.5
558
626
607.5
703.5
2371.5
813
715.5
698.5
634.5
1237.5
1479.5
2192
2172.5
2199
2177.5
2393.5
2395
3789.5
3864
1645.5
468.5
2112.5
613.5
556.5
514.5
562.5
521
559
818
556
557
2236.5
3788
2158.5
2121.5
1428.5
610.5
461.5
496
452
503.5
521.5
525.5
496
3167.5
3385
3138.5
2667.5
1431.5
1075.5
1024
978.5
879.5
778.5
868.5
266.5
359.5
1084
329
255.5
1813.5
209.5
1020
0.5
5297.5
3112.5
3127
4560
4438.5
1224
2888
1296.5
1303
34.5
238
56.5
93
83.5
1639.5
166
237.5
2281
2699
805
1090
1352.5
3658
5494.5
2217.5
1192.5
2708.5
2794
3979.5
3623.5
2193.5
3086.5
1182.5
1000.5
1032
1397
3133.5
1441.5
1567.5
1471
1813
2443.5
762.5
3784
552.5
612
451
573
2229
551.5
1353.5
2104.5
2180.5
2291.5
1479
598.5
1564
2322
626.5
658
669.5
670
610.5
652.5
655
748.5
1038.5
978
669.5
444.5
1354.5
2057.5
3724
2098
2014
1442
2269
4727
3679.5
2613.5
3096
1451
2017
1247.5
2046.5
694.5
588.5
1909
2235
264.5
413
378
1168
3903.5
1419
2060
926
3293
637.5
736.5
1621.5
1525
1182.5
1118
1229.5
1532
832.5
1199
1255.5
1346
1634
98.5
149
172.5
146.5
617.5
383
467
345.5
819
449.5
888.5
1160
1427.5
1119
890
1229
1253.5
2795
2844.5
2450
2723.5
4274
2664.5
1295
1392
1083.5
771.5
854.5
826
1659
638.5
753.5
3849.5
493.5
512.5
611
542.5
564
2326.5
690
654.5
775.5
1497
695
2239.5
2321.5
2258
2216
3123.5
760
658.5
1544.5
731.5
622
548.5
585
666.5
603
1487.5
518
601
622.5
4445.5
5447.5
4685.5
4774.5
706.5
736
403.5
38
73.5
1442
572
779.5
976
803.5
1018.5
860.5
1905
895
854.5
592.5
832
836
1473
1532.5
1733
1487
1502
1550.5
1589
1355
731
1269
1108
845
946
931
1054
664.5
536
380.5
172.5
5.5
26.5
221
3862
4326
4414
2417
2826.5
937
913.5
828
889.5
804
707
2176
2244
2301
736.5
1538
802.5
706
3872
776.5
616
502.5
2936.5
2064
2034.5
2128.5
2118
486.5
607
2188
543
599
598.5
548
591.5
554.5
826
555
629
597
2169.5
599.5
634
560.5
2069
2153
2138
2018.5
470
2183.5
6152.5
4278.5
2648.5
1189
986.5
1060.5
1099.5
880.5
995.5
79
420
720
130
200.5
60.5
150
88.5
1639.5
3314.5
138.5
48
849.5
1476
3086.5
1317
213
154
233.5
1469
357.5
189.5
96
122.5
1075
421.5
334.5
1969.5
460
287.5
357.5
373
2815
2824
1846.5
4659.5
6080.5
4421
4308
2637
2295
1339
864
1249.5
1199.5
1277.5
1353
1283.5
2753.5
4045
2795.5
1350
2328
2364.5
1486.5
3764.5
3568
2100
2096.5
478.5
597.5
2213
604.5
551.5
579
740.5
660.5
647.5
716.5
660.5
633
2331.5
691
596.5
599.5
709
652.5
636.5
707
1355
2115
2052.5
2129.5
1361
490.5
539.5
3656
3222.5
2742.5
2641.5
1559.5
1323
1383.5
1255.5
1214.5
5036
624.5
855.5
431.5
639
478.5
79.5
178.5
143.5
1583
3200.5
4941
4898
4769
783
2380.5
893.5
843.5
632.5
638
2566
2600
1049
4038
633
172.5
367
223.5
1568.5
3
38
557
170.5
142.5
57
585.5
393
381.5
2819.5
1957.5
1985.5
1786
1085
1487
901
2196.5
785.5
965
1157.5
2871.5
4084
1098
1250
614
2213.5
675.5
775.5
993
893
617
1612
2315.5
620.5
2217
2138
434
631
571.5
2136.5
695
536.5
538
629
1323.5
2116.5
2164
2161
1317
509.5
592
515
439.5
538
438.5
444
594
437.5
428
396
508.5
388.5
401
419
396.5
777
672
738
353
1620
403.5
317.5
165.5
234.5
63.5
106
2373
3578.5
66.5
779.5
1422
599.5
295.5
141
561.5
348.5
683.5
1620
306.5
1303
1042
5.5
3548.5
74.5
1062.5
997.5
300
306.5
1498.5
492.5
238.5
417.5
160
187
359
60
212
203
216.5
370.5
314
421
563
449.5
483.5
456.5
2238
4601.5
5279
5157
5103
3663
2209.5
2265
481.5
485.5
627
493
2108.5
637
493
459
695.5
561.5
539
731
538.5
547
639.5
542.5
2179.5
2232
2133.5
2134
1417
497
475.5
597
443
401.5
543.5
396.5
426.5
554
396
375.5
2135
346.5
272.5
112
353.5
271
291
350
496
837
860.5
1073
1165.5
1311
1406
1492
1634.5
1352.5
1151.5
1153.5
1131
1092
1513.5
1253.5
1063
682.5
1272.5
1488
1315.5
834
341.5
47.5
2877.5
274.5
240
160
131
285.5
87
340.5
343.5
260.5
302
153.5
1604.5
2977.5
2025
2262.5
485
1626.5
613.5
534
710
597
834.5
1409.5
2953
2908.5
1017
1195.5
1132.5
4994
2613.5
2659.5
2224.5
2162
679.5
3671.5
445.5
589.5
482.5
434.5
645.5
2266
601
682
631
564.5
572
657.5
621
558.5
553
3784
498
528.5
498.5
453.5
444.5
2001
1949.5
1996
1978.5
364.5
375.5
332.5
2703
785.5
620.5
426
42
217
382
1025.5
430.5
741.5
846.5
852.5
1214
1241.5
1197.5
1062.5
1697
1265
1222.5
2243
2721
2076.5
1292.5
694
1268
1449.5
1560
1198.5
3053
1708
765.5
829
1400.5
703
470.5
421.5
2119
1516.5
536
313.5
354
200
489.5
512
462.5
489.5
568.5
716
805.5
708.5
678
1889.5
3822.5
2550
2335
2336
3099
3861.5
1817
835.5
648
581
674
1617.5
506
647.5
2136.5
483
429.5
465.5
506.5
421
2164
604
2084.5
2129
2143
2089
572
559.5
525.5
580
597
612
617.5
664
775.5
582
516
504
616.5
544.5
1295.5
2031
2063.5
2021.5
1989.5
3522.5
2550.5
2017
1633.5
303.5
83
323
585.5
641.5
890.5
986
968.5
1141
1147.5
1234
1665.5
1852
1761.5
1666
1514
1654
1628
1508
1647.5
1616
1513
3690
1579.5
1615.5
1499
1412.5
1750
967.5
1309.5
1170
1108.5
976
804
776
694.5
446
416
1148
171
1469.5
522
593.5
544
511
424.5
464.5
576.5
607.5
501.5
855
2363
660.5
2056
768
2343.5
757.5
1894.5
783.5
905
688.5
629.5
628.5
2205
2130.5
2077.5
2129
2162.5
534
3820.5
549
626
550
532
638.5
578.5
545.5
2165.5
606
624.5
515.5
583.5
482.5
468
2100
2004.5
1988.5
519
422
469
396
1319
741.5
684
729.5
359.5
538.5
805.5
362.5
238.5
367
209.5
2.5
204.5
69.5
118
129.5
1957
1986
376
76
3
5
1732
64
1057
1639
245
1052.5
254
206.5
131.5
1008
446.5
1489.5
1135
723.5
77.5
877
83
289
42.5